4 0.546680 0.628242 0.130020 0.199766
5 0.614624 0.710117 0.135674 0.040059
5 0.540977 0.707856 0.162813 0.039404
41 0.523208 0.575737 0.344346 0.307529
42 0.641113 0.613853 0.064609 0.051689
42 0.432759 0.599966 0.085928 0.061377
7 0.579844 0.441841 0.052305 0.036924
12 0.498130 0.350830 0.050967 0.054785
12 0.590078 0.362856 0.023262 0.025205
13 0.449556 0.582520 0.194463 0.080762
3 0.433408 0.601255 0.071719 0.051045
3 0.641763 0.620313 0.056846 0.037480
0 0.544531 0.387729 0.158281 0.144717
2 0.458618 0.528354 0.138291 0.208037
2 0.628833 0.546089 0.109932 0.196221
6 0.576826 0.401289 0.091016 0.048457
