12 0.579092 0.354131 0.059434 0.067187
12 0.489937 0.364146 0.028428 0.029072
13 0.625933 0.575088 0.198350 0.100781
42 0.438574 0.610947 0.063965 0.066543
42 0.660825 0.590273 0.078174 0.075586
5 0.548403 0.712700 0.151826 0.037471
5 0.477017 0.708501 0.125342 0.043291
7 0.505767 0.440708 0.051045 0.037471
3 0.438896 0.616436 0.058145 0.046523
3 0.656621 0.600288 0.072363 0.052979
0 0.540005 0.389346 0.158291 0.149238
4 0.550820 0.633560 0.150117 0.186768
2 0.446802 0.540771 0.112295 0.202129
2 0.632378 0.525991 0.161943 0.208037
41 0.553184 0.575049 0.325059 0.310879
6 0.510034 0.401880 0.087471 0.035459
