12 0.589229 0.368667 0.057344 0.049697
3 0.412734 0.610942 0.058789 0.047158
42 0.413389 0.604395 0.064980 0.070078
5 0.496211 0.709512 0.090469 0.043320
42 0.670142 0.610132 0.066260 0.056064
4 0.588052 0.632378 0.082744 0.193857
4 0.501172 0.631196 0.083926 0.191494
41 0.542085 0.580186 0.322373 0.286699
0 0.539536 0.388418 0.159268 0.099395
2 0.443848 0.539590 0.120566 0.202129
25 0.551641 0.533677 0.084102 0.056064
13 0.552280 0.538135 0.093018 0.121055
12 0.486021 0.362300 0.047139 0.044600
5 0.581582 0.711426 0.080273 0.042051
3 0.669868 0.614175 0.060088 0.040693
2 0.638286 0.538408 0.135928 0.206855
