0 0.426108 0.268311 0.323877 0.174941
41 0.426113 0.583320 0.706855 0.509453
2 0.216895 0.559087 0.278965 0.442080
2 0.623516 0.559683 0.286055 0.452725
4 0.297271 0.669019 0.245869 0.319150
4 0.543135 0.670200 0.245859 0.321514
42 0.141836 0.705073 0.140664 0.164307
42 0.699751 0.712759 0.126475 0.156025
3 0.140654 0.737578 0.135937 0.099297
3 0.702114 0.736396 0.109932 0.101660
5 0.310869 0.793726 0.206855 0.074463
5 0.540181 0.793135 0.249404 0.075645
37 0.203887 0.804365 0.061465 0.043730
37 0.642422 0.807319 0.052012 0.047275
39 0.425518 0.595732 0.381797 0.219863
