39 0.412520 0.525996 0.209219 0.302598
39 0.646562 0.530132 0.204492 0.308506
0 0.430840 0.296089 0.335703 0.251768
41 0.413701 0.572686 0.693848 0.575645
2 0.234624 0.552588 0.326240 0.500000
2 0.601050 0.570908 0.203311 0.411348
4 0.296685 0.713350 0.237588 0.268320
4 0.536045 0.706846 0.245859 0.257676
42 0.149517 0.710391 0.153662 0.186758
42 0.618193 0.713345 0.124121 0.131201
3 0.144790 0.740532 0.148936 0.117021
3 0.615234 0.732256 0.122930 0.093379
5 0.301411 0.793726 0.225771 0.112295
5 0.534863 0.785449 0.243496 0.088652
37 0.258857 0.823276 0.138301 0.053193
37 0.608740 0.801406 0.088652 0.054375
7 0.531904 0.387104 0.081562 0.065010
6 0.515356 0.318545 0.131201 0.076836
