37 0.542539 0.822095 0.143027 0.067373
7 0.595146 0.447979 0.061465 0.061465
0 0.487578 0.302588 0.295508 0.342793
41 0.475166 0.601055 0.542559 0.502363
39 0.624692 0.562046 0.198584 0.251768
6 0.588052 0.371743 0.037822 0.055557
2 0.502354 0.540771 0.232852 0.509453
2 0.350464 0.661338 0.094561 0.213945
4 0.488760 0.691479 0.252949 0.330967
42 0.511216 0.690889 0.203311 0.213945
42 0.350464 0.709209 0.078018 0.118203
3 0.505308 0.729893 0.196221 0.143027
3 0.348101 0.732852 0.073291 0.073281
5 0.488760 0.810273 0.255313 0.100469
