3 0.667837 0.721030 0.187939 0.146572
6 0.323276 0.318550 0.111104 0.048467
0 0.420200 0.301406 0.323877 0.250586
41 0.444434 0.576821 0.639473 0.555557
2 0.602827 0.543135 0.343975 0.490547
2 0.267129 0.582144 0.169023 0.407803
4 0.321504 0.720439 0.225762 0.228125
4 0.528359 0.719258 0.192676 0.268320
5 0.314409 0.788994 0.247041 0.091016
5 0.524814 0.799043 0.195039 0.115840
37 0.226348 0.806138 0.059102 0.049639
37 0.543130 0.817363 0.151299 0.079199
42 0.249399 0.710396 0.124111 0.146572
42 0.664292 0.692070 0.192666 0.204492
39 0.186162 0.524810 0.179668 0.312061
39 0.393604 0.525996 0.209219 0.307324
7 0.300815 0.390649 0.075654 0.060283
3 0.245854 0.730483 0.119385 0.099287
