12 0.518828 0.256177 0.056992 0.057002
4 0.419761 0.639346 0.146572 0.173711
4 0.596641 0.649746 0.207187 0.151094
37 0.417046 0.702227 0.126670 0.038906
37 0.595737 0.702222 0.199951 0.042529
5 0.416592 0.702227 0.125762 0.038906
5 0.587139 0.698154 0.121230 0.045234
23 0.384473 0.435771 0.139336 0.244277
42 0.555923 0.350728 0.075088 0.079619
42 0.767183 0.404561 0.068760 0.075098
41 0.572095 0.534268 0.462178 0.397168
2 0.505254 0.381035 0.176426 0.136621
2 0.726016 0.417227 0.156523 0.120332
37 0.569492 0.343486 0.038906 0.057910
37 0.781660 0.399585 0.041621 0.059717
0 0.578545 0.305488 0.203574 0.190000
7 0.603877 0.311821 0.154707 0.065146
6 0.586235 0.255728 0.068760 0.028955
