5 0.417949 0.698149 0.179141 0.054287
5 0.584424 0.699966 0.142949 0.043428
37 0.405737 0.707197 0.194521 0.041621
37 0.578999 0.705391 0.130283 0.032578
23 0.613379 0.466084 0.190000 0.341094
42 0.452329 0.351626 0.081436 0.090479
2 0.507065 0.381035 0.189092 0.142051
2 0.284497 0.424912 0.180049 0.114004
42 0.241973 0.403657 0.084141 0.076904
41 0.494854 0.530771 0.369141 0.394473
37 0.223882 0.395962 0.046143 0.052471
37 0.433325 0.343037 0.043428 0.058809
0 0.421567 0.310459 0.208096 0.156523
7 0.407544 0.309556 0.163760 0.055186
6 0.412520 0.253916 0.059707 0.030762
12 0.483994 0.256177 0.057910 0.047959
4 0.417500 0.648843 0.181855 0.160146
4 0.586689 0.640249 0.151094 0.171904
