25 0.295029 0.604048 0.053516 0.055459
25 0.456060 0.578745 0.066162 0.076865
15 0.405464 0.316050 0.356104 0.287021
10 0.697349 0.463940 0.245186 0.092432
12 0.502944 0.254126 0.158389 0.132393
25 0.742109 0.326265 0.107031 0.124541
4 0.440005 0.561235 0.178057 0.209189
4 0.322764 0.614746 0.142051 0.143027
4 0.521729 0.656587 0.106055 0.055459
4 0.697354 0.616694 0.153730 0.123564
0 0.632646 0.375884 0.438809 0.340537
41 0.493516 0.531558 0.553613 0.303564
6 0.613677 0.342314 0.167354 0.127461
7 0.652109 0.467344 0.386270 0.136211
6 0.811191 0.396802 0.046699 0.071025
5 0.328599 0.659990 0.097295 0.035020
5 0.466274 0.641504 0.123564 0.050586
5 0.517842 0.671177 0.100215 0.028213
5 0.693945 0.655122 0.117734 0.038916
37 0.340273 0.663394 0.068105 0.028213
37 0.487187 0.645396 0.073945 0.021396
37 0.538271 0.669722 0.061289 0.023350
37 0.713892 0.654150 0.066162 0.025293
