41 0.508857 0.608145 0.420801 0.263594
0 0.505898 0.403652 0.140664 0.164297
2 0.391836 0.548457 0.179668 0.115840
2 0.617012 0.549048 0.166660 0.114658
4 0.430840 0.648335 0.096934 0.135928
4 0.576826 0.656611 0.091016 0.140664
5 0.423745 0.696797 0.082744 0.041367
5 0.582734 0.697979 0.076836 0.041367
42 0.666655 0.572095 0.069736 0.070928
42 0.335098 0.567368 0.066191 0.075654
37 0.325049 0.584507 0.043730 0.041377
37 0.682612 0.583325 0.033096 0.043740
14 0.497622 0.352236 0.057920 0.075645
13 0.504717 0.624106 0.102832 0.092197
