3 0.592778 0.567368 0.042549 0.026006
14 0.595737 0.400698 0.060283 0.042549
6 0.636519 0.427295 0.023643 0.027188
7 0.641831 0.451528 0.065010 0.042549
0 0.622925 0.427295 0.114658 0.100469
36 0.473984 0.441479 0.199766 0.230498
42 0.588643 0.557910 0.050820 0.061465
4 0.551997 0.622329 0.119385 0.121748
2 0.569727 0.536040 0.093379 0.109932
5 0.555547 0.658975 0.098105 0.046094
37 0.588052 0.570322 0.035459 0.029551
37 0.579185 0.661929 0.039014 0.026006
13 0.273628 0.646558 0.446807 0.089834
10 0.658384 0.452119 0.015361 0.020098
