4 0.570322 0.672563 0.115840 0.146572
0 0.526587 0.396563 0.205674 0.180859
41 0.504131 0.605786 0.347520 0.296689
2 0.407202 0.505903 0.139482 0.082744
2 0.608145 0.530723 0.101660 0.094570
42 0.372920 0.499399 0.078008 0.067373
42 0.617603 0.531313 0.054365 0.057920
3 0.368193 0.500581 0.061465 0.050830
3 0.629424 0.533677 0.040195 0.050830
4 0.463345 0.665474 0.112295 0.153662
5 0.464526 0.717480 0.107568 0.052012
5 0.569731 0.716304 0.102842 0.044912
13 0.424932 0.682021 0.193848 0.068555
37 0.486987 0.721030 0.065010 0.033096
37 0.593369 0.721030 0.069746 0.033096
7 0.539585 0.439707 0.144209 0.063828
10 0.553770 0.437935 0.113477 0.048467
6 0.510039 0.379424 0.066191 0.078008
