24 0.696177 0.502324 0.063838 0.174941
24 0.288965 0.405396 0.083926 0.075654
0 0.465093 0.503506 0.180850 0.222227
0 0.532466 0.457407 0.190303 0.219854
0 0.694404 0.510005 0.161934 0.190303
6 0.245820 0.452085 0.111113 0.057920
6 0.410127 0.484595 0.070918 0.040186
6 0.494053 0.434360 0.125293 0.060283
6 0.666626 0.491685 0.101650 0.037822
7 0.221592 0.494639 0.036641 0.029551
7 0.411899 0.511782 0.046104 0.033096
7 0.480454 0.475137 0.055557 0.037832
7 0.650669 0.523599 0.027178 0.040186
0 0.286602 0.472769 0.204492 0.210400
