0 0.321470 0.404214 0.375889 0.373525
0 0.666626 0.385303 0.330967 0.373516
41 0.482261 0.760630 0.540186 0.469268
15 0.501475 0.130015 0.997051 0.250596
10 0.757676 0.304956 0.152480 0.101650
10 0.245854 0.338643 0.192666 0.105195
7 0.747036 0.343960 0.192666 0.210400
7 0.252949 0.374106 0.206855 0.185576
7 0.252949 0.374106 0.206855 0.185576
41 0.482261 0.760630 0.540186 0.469268
7 0.747036 0.343960 0.192666 0.210400
10 0.245854 0.338643 0.192666 0.105195
10 0.757676 0.304956 0.152480 0.101650
15 0.501475 0.130015 0.997051 0.250596
