6 0.605190 0.217485 0.072100 0.044912
0 0.669019 0.212754 0.410166 0.283691
30 0.712759 0.455068 0.478721 0.238770
30 0.192070 0.303184 0.382988 0.429082
27 0.444434 0.681431 0.067383 0.039014
27 0.339824 0.682617 0.137109 0.022461
5 0.426113 0.676704 0.113477 0.057920
26 0.744082 0.281313 0.241133 0.144209
6 0.605190 0.217485 0.072100 0.044912
0 0.669019 0.212754 0.410166 0.283691
30 0.712759 0.455068 0.478721 0.238770
30 0.192070 0.303184 0.382988 0.429082
27 0.444434 0.681431 0.067383 0.039014
27 0.339824 0.682617 0.137109 0.022461
5 0.336274 0.677295 0.141846 0.056738
4 0.420200 0.612280 0.139482 0.200947
4 0.326821 0.609917 0.146572 0.210400
41 0.377061 0.517129 0.315605 0.405430
41 0.377061 0.517129 0.315605 0.405430
4 0.326821 0.609917 0.146572 0.210400
4 0.420200 0.612280 0.139482 0.200947
5 0.336274 0.677295 0.141846 0.056738
5 0.426113 0.676704 0.113477 0.057920
29 0.590415 0.147153 0.163115 0.154854
29 0.590415 0.147153 0.163115 0.154854
26 0.744082 0.281313 0.241133 0.144209
