0 0.712163 0.368784 0.326240 0.319150
6 0.702705 0.352236 0.056738 0.052012
29 0.650698 0.282495 0.163115 0.144209
41 0.307319 0.525996 0.414893 0.416074
4 0.290181 0.588052 0.262412 0.261221
5 0.286636 0.677886 0.252959 0.098115
27 0.287813 0.678477 0.243496 0.052012
26 0.778950 0.440889 0.176123 0.163125
29 0.650698 0.282495 0.163115 0.144209
6 0.702705 0.352236 0.056738 0.052012
30 0.467485 0.199751 0.810869 0.390068
41 0.307319 0.525996 0.414893 0.416074
30 0.467485 0.199751 0.810869 0.390068
0 0.712163 0.368784 0.326240 0.319150
4 0.290181 0.588052 0.262412 0.261221
5 0.286636 0.677886 0.252959 0.098115
26 0.778950 0.440889 0.176123 0.163125
13 0.080669 0.395972 0.161338 0.158389
27 0.287813 0.678477 0.243496 0.052012
13 0.080669 0.395972 0.161338 0.158389
