5 0.593193 0.732720 0.126465 0.056982
37 0.476450 0.741753 0.093115 0.052803
37 0.605005 0.738281 0.094502 0.045859
25 0.352070 0.517310 0.147305 0.123682
25 0.294395 0.640303 0.070879 0.100059
25 0.513276 0.649336 0.247373 0.129238
12 0.438931 0.330396 0.093115 0.130635
38 0.545937 0.531904 0.243203 0.258496
0 0.536904 0.315796 0.308516 0.273779
4 0.583462 0.659062 0.140361 0.212637
4 0.450742 0.647949 0.150098 0.234863
4 0.327749 0.652808 0.120908 0.222354
41 0.476450 0.600698 0.446104 0.337705
39 0.525093 0.243530 0.165381 0.112568
6 0.533433 0.302598 0.079209 0.047246
7 0.579966 0.383213 0.197295 0.111152
13 0.349985 0.440879 0.182061 0.198730
5 0.322886 0.731333 0.111182 0.048643
5 0.458384 0.737583 0.120908 0.055596
