25 0.618208 0.452690 0.220967 0.150088
12 0.444487 0.331084 0.076436 0.107012
39 0.491045 0.274106 0.225137 0.157041
13 0.841416 0.351934 0.317168 0.304355
41 0.607803 0.588188 0.494707 0.359951
25 0.435454 0.642388 0.094502 0.115342
25 0.760635 0.593052 0.147285 0.155654
0 0.438237 0.371387 0.255713 0.207031
7 0.347900 0.422813 0.044473 0.062539
38 0.394458 0.537461 0.093115 0.227910
4 0.452827 0.643774 0.148701 0.237646
4 0.731465 0.623623 0.233477 0.289063
5 0.441709 0.732026 0.134805 0.069482
5 0.758564 0.722993 0.179277 0.093115
37 0.413223 0.738970 0.072266 0.050029
