37 0.664067 0.660449 0.093115 0.045859
37 0.311074 0.659761 0.087559 0.030576
5 0.656426 0.656279 0.144531 0.054199
5 0.413218 0.646553 0.127861 0.062539
5 0.311768 0.656284 0.111172 0.045869
4 0.638359 0.605557 0.161211 0.141758
4 0.415996 0.571509 0.136191 0.209854
4 0.290229 0.587490 0.140361 0.208457
12 0.488960 0.257427 0.143135 0.112568
41 0.470200 0.538154 0.542002 0.334922
15 0.232554 0.306074 0.411357 0.315469
15 0.677271 0.192808 0.339092 0.191787
0 0.627236 0.388066 0.447500 0.357168
7 0.656426 0.457554 0.397461 0.168154
10 0.659897 0.450605 0.332139 0.126465
6 0.604307 0.333862 0.151484 0.112568
17 0.463252 0.164316 0.280723 0.262656
25 0.394458 0.545107 0.087549 0.115352
25 0.261045 0.566646 0.037520 0.097275
25 0.343037 0.451992 0.118125 0.107012
25 0.704365 0.303291 0.118125 0.120898
25 0.673101 0.608340 0.058369 0.061152
37 0.427813 0.649336 0.098672 0.043086
