37 0.697124 0.734917 0.082119 0.030908
41 0.602920 0.608340 0.568398 0.341875
0 0.552891 0.430454 0.179277 0.158428
12 0.602227 0.381812 0.072266 0.069482
12 0.523008 0.388760 0.047246 0.050039
6 0.531348 0.442266 0.075039 0.037520
25 0.528159 0.422090 0.026826 0.027246
25 0.569287 0.596460 0.063340 0.055166
39 0.586562 0.518877 0.099199 0.127441
39 0.483159 0.531084 0.051123 0.124395
7 0.527168 0.481504 0.056484 0.037969
42 0.839155 0.615410 0.079365 0.093105
42 0.427070 0.636772 0.073262 0.077842
3 0.437368 0.654712 0.058760 0.037393
3 0.842969 0.633726 0.064102 0.048838
2 0.776147 0.572451 0.211904 0.207500
2 0.438418 0.592319 0.128027 0.164229
4 0.666221 0.665161 0.149219 0.188076
4 0.476387 0.673989 0.188066 0.175713
5 0.475503 0.729619 0.168643 0.037969
5 0.678140 0.732266 0.128916 0.041504
37 0.406636 0.733589 0.027373 0.028252
