6 0.615425 0.433232 0.048643 0.061152
41 0.534819 0.608340 0.510029 0.322422
4 0.520942 0.671572 0.140322 0.173711
25 0.599443 0.602085 0.055586 0.065322
4 0.684219 0.658369 0.189004 0.191777
2 0.689082 0.589575 0.132031 0.168154
2 0.391680 0.572896 0.223750 0.193174
0 0.607090 0.418638 0.170937 0.176494
39 0.598750 0.524263 0.081992 0.120908
39 0.686304 0.528428 0.076436 0.126465
25 0.640444 0.420029 0.031963 0.037520
5 0.515366 0.729248 0.129248 0.052812
5 0.694639 0.729941 0.170938 0.054199
42 0.713403 0.638911 0.066709 0.083389
42 0.341646 0.607646 0.112568 0.090332
3 0.342344 0.625015 0.077832 0.063936
3 0.704365 0.646553 0.045859 0.045859
12 0.566787 0.383203 0.081992 0.083379
12 0.636968 0.386675 0.038916 0.034736
37 0.498032 0.731387 0.082979 0.037969
37 0.751426 0.730498 0.042383 0.022070
7 0.636196 0.479741 0.057393 0.041494
