25 0.403662 0.569741 0.036641 0.047275
25 0.527778 0.610518 0.057920 0.034277
25 0.419624 0.447402 0.042549 0.039004
12 0.418438 0.365249 0.049648 0.068564
14 0.372339 0.367612 0.035459 0.026006
7 0.369980 0.426714 0.056738 0.037822
6 0.372339 0.400117 0.040186 0.029551
13 0.685581 0.623521 0.089834 0.069736
23 0.543735 0.533691 0.226943 0.140664
41 0.515957 0.579785 0.381797 0.209219
0 0.406616 0.401299 0.146572 0.145391
20 0.599302 0.632388 0.092217 0.042549
20 0.386523 0.618203 0.137109 0.085098
