6 0.195117 0.210669 0.071113 0.066670
7 0.137329 0.306973 0.183721 0.051855
4 0.707749 0.794424 0.148154 0.404473
4 0.568481 0.829429 0.118525 0.341143
4 0.449214 0.784238 0.152607 0.431523
4 0.295122 0.814424 0.149639 0.367441
39 0.319570 0.206226 0.441523 0.410400
12 0.132144 0.138076 0.087412 0.093340
12 0.252896 0.104736 0.112607 0.180762
0 0.189932 0.254380 0.354102 0.237061
13 0.842578 0.589961 0.314102 0.232617
41 0.492939 0.746870 0.583789 0.506260
38 0.344019 0.584033 0.360029 0.460781
