7 0.855171 0.297349 0.200010 0.080010
39 0.686270 0.202749 0.428184 0.405498
13 0.156821 0.600337 0.313643 0.244463
4 0.704048 0.821279 0.158525 0.357441
4 0.537368 0.784795 0.160010 0.426699
4 0.428467 0.824800 0.128906 0.337803
4 0.301768 0.783501 0.136348 0.432998
12 0.747007 0.096567 0.099287 0.152568
12 0.868506 0.139556 0.063711 0.081494
38 0.667002 0.578110 0.324473 0.481514
41 0.517969 0.746035 0.583789 0.507930
0 0.812944 0.242524 0.322998 0.284463
6 0.795908 0.207710 0.093340 0.054814
