2 0.628940 0.411899 0.250283 0.131299
2 0.276772 0.479595 0.164111 0.097100
5 0.577656 0.717568 0.136758 0.072480
5 0.349941 0.719619 0.168223 0.065645
4 0.333530 0.669014 0.222920 0.194199
4 0.577656 0.647134 0.185996 0.221553
6 0.434736 0.325054 0.061543 0.039658
12 0.492861 0.255981 0.101211 0.095732
12 0.384131 0.249146 0.105312 0.079326
14 0.319170 0.294277 0.109414 0.106680
37 0.710317 0.392749 0.071123 0.103936
37 0.240527 0.488481 0.047871 0.084795
37 0.557144 0.730557 0.098467 0.043770
37 0.305493 0.728506 0.082061 0.042402
10 0.456616 0.365396 0.036924 0.038291
7 0.454565 0.362661 0.071123 0.041025
