5 0.414883 0.699160 0.166660 0.081563
7 0.558501 0.347505 0.063838 0.040186
12 0.440293 0.301997 0.061465 0.057920
6 0.510039 0.316182 0.052012 0.020098
37 0.630605 0.714531 0.096934 0.041367
37 0.436748 0.705664 0.115840 0.049648
37 0.694434 0.486987 0.037832 0.037822
37 0.254126 0.413701 0.067373 0.049648
5 0.596914 0.705073 0.154844 0.062646
2 0.657202 0.483442 0.112295 0.094561
2 0.322686 0.439116 0.190312 0.114658
41 0.465117 0.560273 0.517734 0.359336
0 0.505898 0.351055 0.223398 0.158398
