17 0.523057 0.216895 0.323848 0.133574
15 0.390063 0.273628 0.294326 0.185576
15 0.674927 0.308501 0.291963 0.134756
15 0.257676 0.348691 0.202129 0.066191
12 0.306138 0.354600 0.072100 0.056738
41 0.520068 0.494673 0.419648 0.296689
4 0.557905 0.491128 0.270693 0.237588
4 0.351055 0.488760 0.152480 0.244688
5 0.310288 0.593369 0.170186 0.056738
5 0.510049 0.576230 0.182012 0.050820
0 0.239351 0.478716 0.167842 0.217490
7 0.206846 0.517129 0.088652 0.100469
6 0.193252 0.442661 0.052012 0.053193
10 0.187339 0.495854 0.035459 0.048467
37 0.254126 0.597505 0.053193 0.046104
37 0.458027 0.581548 0.082734 0.044912
