4 0.294907 0.520674 0.151299 0.216309
4 0.400107 0.475171 0.198574 0.269502
4 0.705645 0.576230 0.150156 0.102832
5 0.297861 0.596914 0.140664 0.061465
5 0.421387 0.585098 0.170215 0.061465
5 0.709800 0.608145 0.139482 0.048457
15 0.316187 0.281904 0.323877 0.143027
15 0.658970 0.226938 0.328604 0.153662
17 0.478735 0.190298 0.351025 0.139482
0 0.632969 0.390059 0.399531 0.281328
41 0.485215 0.478125 0.602832 0.334512
12 0.515947 0.299043 0.113477 0.075645
6 0.652471 0.334507 0.135938 0.080381
7 0.658384 0.451528 0.341611 0.148936
10 0.687935 0.429077 0.287236 0.094580
37 0.290771 0.596328 0.107559 0.041367
37 0.440298 0.578003 0.127666 0.042549
37 0.737578 0.605781 0.086289 0.043730
