7 0.719849 0.424341 0.065010 0.075654
5 0.358740 0.740532 0.184395 0.079189
5 0.623511 0.738760 0.186768 0.070918
39 0.547861 0.648335 0.177305 0.128838
39 0.244673 0.608145 0.358154 0.247051
4 0.507671 0.654248 0.430264 0.254141
13 0.207148 0.376470 0.414297 0.299053
12 0.684385 0.316772 0.039004 0.085107
6 0.712163 0.365830 0.037822 0.050820
0 0.612871 0.363467 0.283691 0.216309
41 0.500581 0.621743 0.489365 0.321514
25 0.585562 0.529229 0.197803 0.158242
25 0.395674 0.564834 0.166152 0.188301
39 0.208618 0.374697 0.401885 0.283691
39 0.577417 0.358145 0.200947 0.193848
38 0.682612 0.546089 0.099287 0.224580
