0 0.377646 0.369966 0.290781 0.210400
41 0.591597 0.608149 0.723408 0.358154
13 0.790479 0.376470 0.419043 0.296689
12 0.306729 0.317954 0.049648 0.082744
6 0.294902 0.373511 0.059102 0.047275
7 0.280132 0.424336 0.076826 0.059102
39 0.426704 0.367012 0.199756 0.209219
39 0.805845 0.377651 0.388311 0.287236
39 0.767129 0.615830 0.336875 0.236406
39 0.459209 0.649517 0.165488 0.121748
4 0.534858 0.683208 0.494092 0.203311
5 0.510625 0.744673 0.447988 0.082744
39 0.318550 0.551997 0.132393 0.212764
25 0.608506 0.554546 0.148750 0.177236
25 0.418618 0.527646 0.183564 0.142422
25 0.354531 0.657402 0.071211 0.104434
