38 0.416064 0.525405 0.265957 0.251768
13 0.647153 0.459800 0.222217 0.257686
6 0.387104 0.283091 0.101650 0.057920
12 0.491123 0.261812 0.115840 0.100479
7 0.354600 0.341011 0.152480 0.060283
10 0.315591 0.338052 0.060283 0.037822
39 0.652471 0.460391 0.199766 0.244688
39 0.708623 0.647153 0.118203 0.157217
39 0.397153 0.223984 0.187939 0.086289
5 0.491123 0.741714 0.399531 0.065010
4 0.495259 0.674336 0.407803 0.206855
41 0.525996 0.604604 0.497637 0.353428
0 0.433799 0.315000 0.313242 0.265957
25 0.362441 0.669272 0.090195 0.087041
25 0.496948 0.651074 0.102861 0.113926
25 0.523062 0.531606 0.126592 0.115518
25 0.639365 0.586987 0.074375 0.150322
