37 0.394878 0.700415 0.109482 0.040713
0 0.354614 0.328105 0.146572 0.112187
2 0.300327 0.425820 0.218955 0.106758
42 0.221616 0.427178 0.057900 0.066055
37 0.207139 0.428535 0.027148 0.050664
42 0.329282 0.483271 0.041611 0.042520
37 0.318428 0.482368 0.016289 0.035283
4 0.454590 0.637988 0.252422 0.176426
13 0.673994 0.653823 0.164668 0.110381
37 0.536475 0.700869 0.077813 0.036191
5 0.458208 0.694985 0.245186 0.057002
12 0.386733 0.298701 0.046143 0.058809
23 0.522222 0.463936 0.334697 0.359023
