12 0.511221 0.259443 0.130020 0.098105
10 0.298438 0.464429 0.233516 0.066162
7 0.355840 0.463452 0.375566 0.101182
6 0.395244 0.339888 0.174160 0.108975
6 0.193843 0.393398 0.059346 0.071992
0 0.365830 0.378237 0.427891 0.328604
41 0.499985 0.549639 0.528369 0.300234
4 0.315005 0.604600 0.139482 0.152480
4 0.554956 0.568550 0.165479 0.191494
4 0.482261 0.654243 0.109932 0.065010
4 0.685571 0.606963 0.107568 0.150117
5 0.307319 0.654243 0.109932 0.048467
5 0.483437 0.666655 0.088652 0.035459
5 0.537227 0.642427 0.125293 0.053193
5 0.679658 0.661929 0.112285 0.044912
37 0.288994 0.654248 0.068555 0.027188
37 0.466890 0.669609 0.055557 0.022461
37 0.518901 0.643013 0.079189 0.026006
37 0.673750 0.663701 0.083926 0.027187
25 0.280449 0.318594 0.137813 0.107187
25 0.561646 0.564287 0.104404 0.122500
25 0.709902 0.608140 0.061250 0.054287
15 0.592271 0.326245 0.349404 0.292334
