7 0.802588 0.512397 0.102832 0.117021
0 0.734956 0.427168 0.247783 0.341055
41 0.492734 0.538540 0.565176 0.307646
4 0.677188 0.580298 0.132246 0.190713
4 0.581831 0.648506 0.119717 0.076562
4 0.366060 0.603965 0.219951 0.157305
5 0.390654 0.663701 0.170215 0.046094
5 0.584507 0.669609 0.082744 0.020098
5 0.688525 0.657202 0.108750 0.037822
37 0.376470 0.667837 0.037822 0.021279
37 0.436157 0.652476 0.050830 0.023643
37 0.608740 0.674341 0.036641 0.020088
37 0.726353 0.654248 0.033096 0.031914
10 0.806729 0.509443 0.047285 0.052012
12 0.712754 0.321504 0.138301 0.118203
25 0.424341 0.578594 0.081553 0.067383
25 0.494673 0.415474 0.146572 0.060283
15 0.429658 0.291953 0.477539 0.361699
