14 0.478647 0.369580 0.052354 0.039883
10 0.416948 0.409468 0.038643 0.017451
42 0.434976 0.566182 0.046104 0.044922
42 0.554360 0.551411 0.065010 0.062646
37 0.443252 0.668428 0.053184 0.024824
4 0.461577 0.630010 0.094561 0.115840
37 0.557905 0.664292 0.062646 0.033096
3 0.431431 0.571504 0.039014 0.034277
3 0.553770 0.559092 0.056738 0.042559
2 0.445024 0.562046 0.078018 0.069736
7 0.435640 0.411958 0.086006 0.037393
6 0.446240 0.386406 0.047363 0.026172
0 0.448735 0.398252 0.134619 0.097227
36 0.429409 0.493604 0.150830 0.180742
36 0.669976 0.438760 0.272979 0.220625
2 0.557910 0.527178 0.088652 0.111113
5 0.458027 0.668428 0.075645 0.036641
5 0.569136 0.664292 0.087471 0.042549
4 0.567954 0.632373 0.096924 0.115840
13 0.608276 0.646299 0.196943 0.097227
41 0.557173 0.587090 0.306631 0.223125
