36 0.561460 0.445615 0.237588 0.255312
42 0.454482 0.555547 0.054375 0.059102
37 0.449160 0.573276 0.036641 0.021279
41 0.536045 0.575049 0.234043 0.239961
2 0.475757 0.537813 0.099287 0.104023
4 0.504717 0.630601 0.145391 0.119385
5 0.485806 0.662520 0.093389 0.034277
37 0.456255 0.663110 0.036650 0.030732
13 0.775405 0.628242 0.429072 0.147754
3 0.447979 0.561455 0.036641 0.033105
14 0.438525 0.398931 0.069746 0.057920
10 0.372925 0.452710 0.021279 0.021279
7 0.385923 0.450937 0.066201 0.029551
6 0.388877 0.423159 0.029551 0.026006
0 0.413701 0.432617 0.138301 0.108750
