7 0.598096 0.407197 0.086289 0.027187
36 0.378242 0.437935 0.249414 0.225771
36 0.612285 0.495854 0.100469 0.164307
0 0.587461 0.395972 0.135937 0.096924
6 0.589824 0.384150 0.034277 0.023633
10 0.617603 0.405425 0.037822 0.021279
10 0.550815 0.368784 0.057920 0.033096
41 0.460981 0.569731 0.414893 0.250596
13 0.419614 0.649517 0.235225 0.074463
4 0.471030 0.628242 0.089834 0.131211
4 0.574458 0.629419 0.081553 0.112295
5 0.473394 0.662520 0.073291 0.039004
5 0.576230 0.665474 0.085098 0.035459
37 0.479897 0.662520 0.057920 0.027188
37 0.588047 0.664292 0.056738 0.028369
2 0.491123 0.526582 0.070918 0.091016
2 0.592187 0.552588 0.081562 0.095742
42 0.482261 0.554365 0.053193 0.052012
42 0.605190 0.569136 0.046104 0.060283
3 0.484624 0.559683 0.053193 0.039014
3 0.601641 0.570913 0.034277 0.042549
37 0.602559 0.576870 0.029238 0.039287
37 0.485864 0.569268 0.044736 0.022363
