37 0.432612 0.719258 0.062646 0.034277
37 0.538999 0.719849 0.065010 0.037822
5 0.562637 0.712163 0.107559 0.057920
5 0.454482 0.714526 0.104023 0.062646
4 0.565596 0.674932 0.113477 0.134746
4 0.452710 0.678477 0.102842 0.132383
3 0.657202 0.499399 0.053193 0.053193
3 0.387695 0.532495 0.029551 0.041377
42 0.640063 0.502354 0.094561 0.073281
42 0.393608 0.532495 0.041377 0.055557
2 0.613467 0.512402 0.161934 0.093379
2 0.418428 0.520674 0.095742 0.079199
13 0.592778 0.667837 0.191494 0.099287
41 0.552002 0.610508 0.372344 0.270684
0 0.503535 0.405430 0.190312 0.177305
