7 0.474575 0.437339 0.106377 0.030732
6 0.471621 0.393608 0.109922 0.044912
0 0.485215 0.414883 0.153672 0.137109
41 0.512397 0.598101 0.378252 0.252959
2 0.592783 0.530132 0.177305 0.117021
2 0.403066 0.549043 0.143027 0.143027
4 0.437339 0.654834 0.109932 0.127656
4 0.554951 0.653066 0.113477 0.140664
42 0.366421 0.584507 0.060283 0.055557
42 0.649517 0.550815 0.066201 0.070928
5 0.430840 0.696206 0.111113 0.040186
5 0.556138 0.692070 0.082744 0.043730
13 0.578003 0.628242 0.166670 0.088652
37 0.359331 0.588643 0.048467 0.037832
37 0.653066 0.563228 0.056738 0.048467
37 0.406606 0.699160 0.055557 0.036641
37 0.557319 0.701523 0.070928 0.031914
14 0.504126 0.355781 0.068564 0.035469
