13 0.683174 0.618164 0.070918 0.177305
41 0.555518 0.601025 0.406621 0.273047
0 0.572656 0.391216 0.384160 0.198584
2 0.400078 0.509419 0.095742 0.085107
2 0.663081 0.473364 0.148936 0.105205
14 0.439673 0.399487 0.099287 0.075654
14 0.680811 0.362847 0.182031 0.146572
39 0.519463 0.372300 0.098105 0.080381
6 0.494048 0.435537 0.078018 0.031914
7 0.489316 0.456226 0.059102 0.026006
4 0.499370 0.683174 0.124111 0.096934
4 0.607524 0.683174 0.104014 0.096934
42 0.377617 0.511777 0.043730 0.059102
42 0.709771 0.465088 0.065010 0.081562
5 0.508237 0.712139 0.089834 0.029551
5 0.606343 0.713911 0.094561 0.030732
