14 0.606934 0.369937 0.138301 0.132393
0 0.513550 0.385894 0.341611 0.164307
41 0.472773 0.586250 0.430254 0.293145
2 0.329155 0.515327 0.112295 0.106377
2 0.579746 0.482817 0.147754 0.109932
42 0.301968 0.505278 0.055557 0.079189
42 0.538374 0.473955 0.065010 0.080371
6 0.430811 0.442041 0.091016 0.044922
7 0.420171 0.471001 0.050830 0.041377
39 0.447954 0.364023 0.148936 0.132383
14 0.371709 0.401260 0.053184 0.079199
4 0.438491 0.681401 0.132393 0.091025
4 0.564380 0.681406 0.117021 0.088652
13 0.647710 0.628213 0.080381 0.150117
