42 0.661895 0.504097 0.054375 0.057920
41 0.563198 0.624663 0.325068 0.299053
13 0.640029 0.684946 0.161934 0.076826
4 0.470410 0.699722 0.127656 0.141846
4 0.590386 0.700908 0.124111 0.127656
2 0.452676 0.532466 0.104023 0.057920
2 0.626436 0.514736 0.132383 0.069746
5 0.469229 0.745229 0.125293 0.043740
5 0.591567 0.744644 0.107568 0.035459
37 0.433770 0.747007 0.059102 0.040186
37 0.573242 0.745825 0.068555 0.035459
37 0.671353 0.498774 0.037822 0.040186
0 0.531875 0.404805 0.165488 0.138301
7 0.516509 0.446177 0.085107 0.048467
6 0.535420 0.400078 0.037832 0.039004
36 0.662490 0.504687 0.157207 0.172578
