37 0.516509 0.745825 0.066201 0.026006
37 0.649487 0.743462 0.067373 0.035459
6 0.542515 0.401260 0.033096 0.034277
7 0.560835 0.446177 0.076826 0.050830
13 0.452085 0.683770 0.230498 0.093379
2 0.457407 0.506460 0.139482 0.076826
36 0.420171 0.505869 0.138291 0.158398
41 0.518281 0.623481 0.358164 0.306143
0 0.543105 0.410127 0.161934 0.182031
5 0.619346 0.742866 0.127656 0.048467
5 0.500552 0.742275 0.112295 0.040195
4 0.619346 0.699131 0.120566 0.128848
4 0.494053 0.686128 0.115840 0.164307
2 0.632935 0.520054 0.112295 0.073291
42 0.419580 0.502324 0.063828 0.063828
42 0.648306 0.527148 0.050830 0.044922
37 0.412490 0.498779 0.047285 0.042559
37 0.658354 0.533643 0.030732 0.029551
