6 0.723394 0.296089 0.114658 0.057920
15 0.758564 0.135332 0.482871 0.256504
0 0.722217 0.429658 0.381797 0.377070
15 0.253540 0.320913 0.503545 0.637119
41 0.500581 0.686162 0.491729 0.556738
10 0.813228 0.360513 0.105205 0.075654
7 0.797861 0.414292 0.166660 0.199756
15 0.758564 0.135332 0.482871 0.256504
0 0.722217 0.429658 0.381797 0.377070
6 0.723394 0.296089 0.114658 0.057920
15 0.253540 0.320913 0.503545 0.637119
41 0.500581 0.686162 0.491729 0.556738
10 0.813228 0.360513 0.105205 0.075654
7 0.797861 0.414292 0.166660 0.199756
