15 0.502065 0.122920 0.995869 0.241133
0 0.293135 0.384150 0.339238 0.349883
0 0.630601 0.413701 0.323877 0.354609
6 0.299043 0.238169 0.152480 0.065010
6 0.579780 0.266538 0.137119 0.055557
7 0.227534 0.350464 0.208037 0.195029
7 0.670205 0.321504 0.197402 0.075645
10 0.199165 0.307910 0.151299 0.081562
41 0.478716 0.747036 0.523643 0.501182
0 0.293135 0.384150 0.339238 0.349883
0 0.630601 0.413701 0.323877 0.354609
6 0.299043 0.238169 0.152480 0.065010
6 0.579780 0.266538 0.137119 0.055557
7 0.227534 0.350464 0.208037 0.195029
7 0.670205 0.321504 0.197402 0.075645
10 0.199165 0.307910 0.151299 0.081562
15 0.502065 0.122920 0.995869 0.241133
41 0.478716 0.747036 0.523643 0.501182
