5 0.460986 0.677886 0.143027 0.065010
29 0.241128 0.138877 0.180850 0.143027
0 0.189116 0.203301 0.362881 0.290781
6 0.231079 0.219849 0.080381 0.054365
26 0.106675 0.273037 0.213350 0.113477
41 0.497627 0.524810 0.322695 0.375889
30 0.735806 0.287222 0.524814 0.444443
30 0.220439 0.468076 0.437344 0.245859
4 0.459805 0.631787 0.147754 0.161934
4 0.558501 0.619966 0.160752 0.178486
5 0.460986 0.677886 0.143027 0.065010
5 0.537813 0.674932 0.150117 0.054375
27 0.433799 0.685571 0.081563 0.030732
27 0.531904 0.680840 0.154844 0.040195
29 0.241128 0.138877 0.180850 0.143027
0 0.189116 0.203301 0.362881 0.290781
6 0.231079 0.219849 0.080381 0.054365
26 0.106675 0.273037 0.213350 0.113477
41 0.497627 0.524810 0.322695 0.375889
30 0.735806 0.287222 0.524814 0.444443
30 0.220439 0.468076 0.437344 0.245859
4 0.459805 0.631787 0.147754 0.161934
4 0.558501 0.619966 0.160752 0.178486
5 0.537813 0.674932 0.150117 0.054375
27 0.433799 0.685571 0.081563 0.030732
27 0.531904 0.680840 0.154844 0.040195
