30 0.744077 0.372329 0.503545 0.156025
5 0.492896 0.659565 0.121748 0.070928
27 0.362285 0.672568 0.120566 0.047285
27 0.491714 0.673750 0.117021 0.042559
41 0.427295 0.493491 0.304961 0.405439
41 0.427295 0.493491 0.304961 0.405439
27 0.491714 0.673750 0.117021 0.042559
27 0.362285 0.672568 0.120566 0.047285
5 0.492896 0.659565 0.121748 0.070928
5 0.360513 0.663701 0.126475 0.083926
5 0.360513 0.663701 0.126475 0.083926
4 0.493486 0.576821 0.127656 0.250596
4 0.359326 0.574458 0.138301 0.252959
30 0.163706 0.357554 0.323877 0.121748
30 0.744077 0.372329 0.503545 0.156025
13 0.389468 0.193843 0.439717 0.297881
4 0.493486 0.576821 0.127656 0.250596
4 0.359326 0.574458 0.138301 0.252959
30 0.163706 0.357554 0.323877 0.121748
13 0.389468 0.193843 0.439717 0.297881
