2 0.735806 0.429658 0.210400 0.135937
0 0.551416 0.406006 0.354590 0.334473
6 0.473989 0.421382 0.173760 0.088662
7 0.479893 0.505903 0.204492 0.139482
9 0.476348 0.478101 0.195039 0.079248
9 0.464531 0.539590 0.147754 0.034277
9 0.345713 0.481079 0.094512 0.082744
42 0.788408 0.413701 0.098105 0.096934
4 0.455664 0.677295 0.137109 0.132383
4 0.642427 0.656016 0.146572 0.186758
5 0.458618 0.719258 0.117021 0.041367
5 0.635332 0.716890 0.120566 0.057920
41 0.549634 0.645952 0.395986 0.242275
12 0.644199 0.312637 0.166660 0.140664
12 0.444434 0.351055 0.079199 0.066191
