38 0.463252 0.552056 0.241816 0.254326
25 0.484097 0.637524 0.264053 0.122295
25 0.642524 0.504805 0.147314 0.134805
25 0.708540 0.637520 0.068096 0.100059
4 0.414609 0.670874 0.138965 0.194561
4 0.561226 0.669487 0.143135 0.202900
4 0.688389 0.668789 0.136191 0.195957
5 0.418086 0.732021 0.115352 0.055586
5 0.551494 0.734805 0.118125 0.061152
5 0.690469 0.729243 0.109785 0.069482
37 0.402793 0.741060 0.081992 0.043076
37 0.531348 0.739668 0.080605 0.048633
41 0.541768 0.612505 0.448887 0.344658
0 0.476445 0.315103 0.304336 0.266826
12 0.574429 0.326919 0.108408 0.129248
39 0.482012 0.247700 0.168164 0.112568
7 0.429897 0.376948 0.175107 0.112568
6 0.474370 0.304683 0.077822 0.051416
13 0.656421 0.432534 0.186221 0.209854
