7 0.649473 0.419336 0.069492 0.072266
0 0.573730 0.372080 0.243203 0.208457
4 0.566074 0.631270 0.161250 0.270996
4 0.274248 0.631963 0.233477 0.297402
41 0.386118 0.582627 0.529482 0.393301
38 0.611953 0.547192 0.100059 0.219580
25 0.568867 0.634048 0.083379 0.120908
25 0.390986 0.454771 0.216797 0.148701
25 0.252007 0.606948 0.158428 0.127861
37 0.607783 0.738975 0.055586 0.047246
5 0.573730 0.726465 0.134805 0.072266
5 0.262432 0.722993 0.168164 0.087549
13 0.169321 0.349844 0.334932 0.297402
39 0.517446 0.268550 0.239033 0.159814
12 0.564004 0.335254 0.081992 0.134805
