25 0.680742 0.493682 0.134805 0.207070
25 0.286060 0.301206 0.129248 0.130635
17 0.546636 0.166401 0.272393 0.264053
15 0.764126 0.299121 0.401631 0.270996
15 0.322192 0.181689 0.334932 0.194570
12 0.511196 0.261602 0.109795 0.098672
6 0.405576 0.327607 0.159824 0.108398
10 0.314551 0.453384 0.277949 0.095889
7 0.338867 0.441567 0.343262 0.127861
37 0.694644 0.666011 0.093115 0.034756
37 0.572344 0.648643 0.098672 0.052813
37 0.332612 0.657676 0.094502 0.034746
5 0.697422 0.656982 0.109785 0.063926
5 0.577900 0.635435 0.143145 0.068096
5 0.354854 0.658364 0.144531 0.050029
4 0.344429 0.608335 0.165381 0.150088
4 0.698809 0.589575 0.132031 0.195947
4 0.584854 0.553442 0.154258 0.237646
41 0.507720 0.538154 0.508643 0.326582
0 0.370137 0.385283 0.450273 0.351602
25 0.551494 0.582627 0.054199 0.062539
