12 0.696030 0.329004 0.129248 0.125078
7 0.794702 0.500635 0.087549 0.098672
15 0.540381 0.204624 0.348828 0.346045
15 0.195029 0.290786 0.386348 0.201514
15 0.712705 0.314409 0.251543 0.090342
17 0.412524 0.151299 0.265439 0.302598
0 0.725908 0.423501 0.230703 0.319639
41 0.473672 0.529814 0.465566 0.343262
5 0.372222 0.637524 0.148701 0.066709
5 0.618203 0.640303 0.143145 0.069492
37 0.398623 0.643081 0.098672 0.055596
37 0.654336 0.647949 0.073652 0.045859
25 0.512583 0.399878 0.168154 0.102842
25 0.367358 0.525649 0.130635 0.109795
25 0.655728 0.554834 0.056982 0.129238
4 0.367339 0.563174 0.172373 0.215410
4 0.610562 0.572896 0.155654 0.193174
