0 0.264521 0.438794 0.233477 0.327979
41 0.536890 0.513140 0.453076 0.382178
12 0.317329 0.328999 0.130635 0.111182
7 0.239487 0.502720 0.158467 0.102842
4 0.386123 0.564561 0.162598 0.226523
4 0.632104 0.568037 0.182061 0.227910
5 0.375000 0.650029 0.145918 0.052812
5 0.629326 0.638218 0.154258 0.070869
37 0.338867 0.648638 0.062539 0.050029
37 0.598750 0.641689 0.079219 0.069492
15 0.457690 0.191416 0.383564 0.344648
15 0.807905 0.292173 0.366885 0.187607
15 0.294399 0.304683 0.293232 0.104229
17 0.595972 0.147822 0.240420 0.295645
25 0.526484 0.408218 0.218184 0.102842
25 0.382642 0.550664 0.094502 0.120898
25 0.621680 0.503413 0.091719 0.068096
