2 0.389595 0.570811 0.186221 0.189004
3 0.834312 0.629878 0.066709 0.059756
3 0.334004 0.638911 0.055586 0.052803
41 0.580679 0.616006 0.660127 0.362676
12 0.613340 0.389453 0.061152 0.056973
12 0.535518 0.391548 0.075059 0.066729
5 0.689775 0.725078 0.155645 0.052812
5 0.476450 0.729243 0.159814 0.066709
4 0.689775 0.693110 0.152871 0.147314
4 0.477842 0.685469 0.154258 0.154258
42 0.829443 0.621543 0.107012 0.118125
42 0.331919 0.615981 0.079209 0.109795
2 0.786362 0.588882 0.184834 0.180674
13 0.597358 0.558999 0.218193 0.273779
