37 0.444312 0.732607 0.094365 0.056074
12 0.620054 0.247778 0.095732 0.090264
13 0.414907 0.708677 0.265322 0.128564
37 0.762974 0.480962 0.042393 0.083428
37 0.283613 0.386597 0.060176 0.088896
37 0.685015 0.729189 0.086162 0.041035
5 0.652192 0.726455 0.181904 0.057441
5 0.431318 0.722354 0.120352 0.062910
4 0.654927 0.670381 0.184639 0.177793
4 0.427217 0.656704 0.161387 0.213350
2 0.735615 0.483696 0.118984 0.086162
2 0.384136 0.415317 0.250283 0.160010
10 0.544146 0.366763 0.028721 0.041025
7 0.557822 0.361294 0.102578 0.051963
6 0.568770 0.324365 0.050605 0.051973
14 0.669971 0.297695 0.097109 0.110781
12 0.512695 0.260088 0.108047 0.114883
