25 0.361807 0.505176 0.083867 0.053809
35 0.346660 0.567104 0.197734 0.208721
35 0.242300 0.475557 0.230693 0.318574
35 0.503203 0.260425 0.151973 0.129990
35 0.657915 0.624775 0.095205 0.137324
7 0.656084 0.440767 0.150137 0.153799
10 0.655166 0.413320 0.108027 0.065937
6 0.496797 0.380352 0.120840 0.128164
25 0.405254 0.416050 0.128164 0.181260
14 0.641895 0.286802 0.102852 0.123428
25 0.249458 0.392827 0.052217 0.053799
25 0.250249 0.506758 0.041143 0.069629
25 0.236797 0.603271 0.055391 0.041113
25 0.304053 0.671328 0.069629 0.079121
