37 0.541357 0.576230 0.086289 0.053184
37 0.735215 0.592187 0.076836 0.044922
10 0.801411 0.498198 0.062646 0.053232
7 0.797861 0.523623 0.105195 0.108770
6 0.806138 0.442661 0.050830 0.069736
0 0.753535 0.454468 0.177305 0.263623
12 0.702705 0.351646 0.066191 0.074463
4 0.645996 0.479897 0.141797 0.269502
4 0.447979 0.491719 0.268320 0.236406
5 0.492896 0.580366 0.190303 0.070928
5 0.688525 0.588643 0.170215 0.061465
15 0.328003 0.309683 0.302607 0.115830
15 0.607554 0.265356 0.289600 0.176123
15 0.758247 0.349282 0.153623 0.076826
17 0.488760 0.219258 0.335703 0.159570
41 0.520103 0.490552 0.499971 0.307373
