37 0.261812 0.611689 0.087471 0.031914
37 0.365830 0.623516 0.052012 0.031914
37 0.554951 0.577412 0.113477 0.043730
37 0.705073 0.592778 0.111104 0.043740
5 0.288408 0.603413 0.147754 0.057920
5 0.582139 0.576230 0.163125 0.074473
5 0.701528 0.599277 0.134756 0.059102
4 0.287817 0.581553 0.158389 0.111113
4 0.596318 0.478716 0.210410 0.260049
4 0.706250 0.527188 0.137109 0.215117
0 0.365239 0.401880 0.421982 0.262412
7 0.318550 0.445024 0.338057 0.133564
10 0.302612 0.432041 0.225732 0.083965
6 0.349282 0.332734 0.139482 0.076836
12 0.479307 0.294316 0.106387 0.056738
41 0.475757 0.483442 0.614658 0.309697
15 0.326821 0.231665 0.335693 0.153662
15 0.667837 0.270083 0.310869 0.128838
17 0.529541 0.195615 0.327422 0.157207
