12 0.487612 0.247715 0.136084 0.096523
2 0.510557 0.397256 0.068047 0.082285
2 0.671958 0.425742 0.121846 0.085449
4 0.460708 0.557080 0.129756 0.142422
4 0.606294 0.575278 0.101279 0.118682
13 0.440142 0.662310 0.193057 0.200967
23 0.520840 0.472417 0.246855 0.197803
7 0.611826 0.348203 0.159824 0.066465
10 0.622119 0.343452 0.098105 0.037979
6 0.599170 0.285693 0.071211 0.071211
6 0.660093 0.307847 0.037979 0.055381
0 0.547739 0.286489 0.275342 0.212041
41 0.578604 0.493779 0.340215 0.310156
37 0.508975 0.391714 0.058555 0.052217
37 0.706772 0.436816 0.052217 0.066465
5 0.462290 0.607720 0.113936 0.028486
5 0.610249 0.621958 0.090205 0.037979
