5 0.388701 0.622749 0.105996 0.042725
5 0.540620 0.598218 0.115518 0.037979
4 0.389502 0.585562 0.126602 0.132920
4 0.538247 0.560244 0.123428 0.145586
13 0.552490 0.668657 0.193047 0.197842
23 0.461504 0.475581 0.226289 0.207295
2 0.502642 0.405962 0.106025 0.109189
2 0.317505 0.433652 0.121846 0.082285
37 0.284312 0.433647 0.042646 0.053799
37 0.490771 0.390127 0.053809 0.058574
0 0.406118 0.312598 0.191475 0.162988
6 0.340439 0.309434 0.031660 0.058555
6 0.399790 0.291235 0.058545 0.060127
7 0.378423 0.343452 0.113936 0.044307
10 0.374468 0.346616 0.099697 0.037979
12 0.508975 0.257212 0.140840 0.109189
41 0.426685 0.508813 0.371865 0.276924
